function f=moment8(x)
w1=x(1);
r1=x(2);
w2=x(3);
r2=x(4);
w3=x(5);
r3=x(6);
w4=x(7);
r4=x(8);
r=x(9);
f(1)=2*r1^2*w1+4*r2^2*w2+4*r3^2*w3+4*r4^2*w4+4*r^2*r4^2*w4-1;
f(2)=2*r1^4*w1+4*r2^4*w2+4*r3^4*w3+4*r4^4*w4+4*r^4*r4^2*w4-3;
f(3)=4*r2^4*w2+4*r3^4*w3+8*r^2*r4^4*w4-1;
f(4)=2*r1^6*w1+4*r2^6*w2+4*r3^6*w3+4*r4^6*w4+4*r^6*r4^6*w4-15;
f(5)=4*r2^6*w2+4*r3^6*w3+4*r^2*r4^6*w4+4*r^4*r4^6*w4-3;
f(6)=2*r1^8*w1+4*r2^8*w2+4*r3^8*w3+4*r4^8*w4+4*r^8*r4^8*w4-105;
f(7)=4*r2^8*w2+4*r3^8*w3+4*r^2*r4^8*w4+4*r^6*r4^8*w4-15;
f(8)=4*r2^8*w2+4*r3^8*w3+4*r^4*r4^8*w4-9;
f(9)=2*r1^10*w1+4*r2^10*w2+4*r3^10*w3+4*r4^10*w4+4*r^10*r4^10*w4-945;
f=f';
end